id,name,sort_name,email,twitter,facebook,group,group_id,area_id,area,chamber,term,start_date,end_date,image,gender,wikidata,wikidata_group,wikidata_area
62530363-8f6a-4ee7-8202-46742208ad0f,Aija Barča,Aija Barča,Aija.Barca@saeima.lv,,,Union of Greens and Farmers,union_of_greens_and_farmers,,,Saeima,10,,,http://titania.saeima.lv/personal/deputati/saeima12_depweb_public.nsf/0/36b43bb0cc9713b6c2257d7b0032d93e/Foto/0.84?OpenElement&FieldElemFormat=jpg,female,Q4696883,Q167928,
a735aae6-a7f6-4a73-a95c-1dbeba23e775,Ainars Latkovskis,Ainars Latkovskis,Ainars.Latkovskis@saeima.lv,a_latkovskis,,Unity,unity,,,Saeima,10,,,http://titania.saeima.lv/personal/deputati/saeima12_depweb_public.nsf/0/13fa8079f305c84ac2257d7b0032d88c/Foto/0.84?OpenElement&FieldElemFormat=jpg,male,Q9142842,Q992046,
5a327a12-307f-45f4-8945-e39cdc6dc08e,Ainars Slesers,Ainars Slesers,,,,For a Good Latvia,for_a_good_latvia,,,Saeima,10,,,http://titania.saeima.lv/personal/deputati/saeima10_depweb_public.nsf/0/e274f591c9fd6efcc22577bc0021b9da/Foto/0.84?OpenElement&FieldElemFormat=jpg,male,Q406265,Q2577092,
2d0f9234-4f5a-4ef2-a080-2e8259ac52eb,Aivars Dronka,Aivars Dronka,,,,Union of Greens and Farmers,union_of_greens_and_farmers,,,Saeima,10,,,http://titania.saeima.lv/personal/deputati/saeima10_depweb_public.nsf/0/a03b8abcb48f71d4c22577bc0021ba35/Foto/0.84?OpenElement&FieldElemFormat=jpg,male,,Q167928,
2dc3bcfc-c111-46f3-a368-09fa13528062,Aivars Volfs,Aivars Volfs,,,,Unity,unity,,,Saeima,10,2010-11-04,,http://titania.saeima.lv/personal/deputati/saeima10_depweb_public.nsf/0/4b35567e55edc35bc22577bc0021ba18/Foto/0.84?OpenElement&FieldElemFormat=jpg,male,Q11684697,Q992046,
56e7a5a7-628b-46b2-8ad9-7ba360e8b7a7,Aleksandrs Jakimovs,Aleksandrs Jakimovs,Aleksandrs.Jakimovs@saeima.lv,,,Concord Centre,concord_centre,,,Saeima,10,,,http://titania.saeima.lv/personal/deputati/saeima12_depweb_public.nsf/0/14ffbcf326ec49e2c2257d7b0032d83a/Foto/0.84?OpenElement&FieldElemFormat=jpg,male,Q9146318,,
a2ea18a8-a0c3-4012-8897-e1563ea8f2c2,Aleksandrs Sakovskis,Aleksandrs Sakovskis,,,,Concord Centre,concord_centre,,,Saeima,10,,,http://titania.saeima.lv/personal/deputati/saeima11_depweb_public.nsf/0/163be9ae20924b30c22579100046c4d2/Foto/0.84?OpenElement&FieldElemFormat=jpg,male,Q11685170,,
ddfbdaf2-24c3-46b3-bd39-3820e9a4b4ff,Aleksejs Burunovs,Aleksejs Burunovs,,,,Concord Centre,concord_centre,,,Saeima,10,,,http://titania.saeima.lv/personal/deputati/saeima10_depweb_public.nsf/0/d5a81f008940f44ac22577bc0021b988/Foto/0.84?OpenElement&FieldElemFormat=jpg,male,Q11685225,,
7c0fb3e7-1c39-4088-9d3a-66c7325344f7,Aleksejs Holostovs,Aleksejs Holostovs,,,,Concord Centre,concord_centre,,,Saeima,10,,,http://titania.saeima.lv/personal/deputati/saeima10_depweb_public.nsf/0/a0714afbe04b2548c22577bc0021b8f2/Foto/0.84?OpenElement&FieldElemFormat=jpg,male,Q9146831,,
ec2680c6-b16b-4185-b4fa-22b2c75aca91,Aleksejs Loskutovs,Aleksejs Loskutovs,Aleksejs.Loskutovs@saeima.lv,a_loskutovs,,Unity,unity,,,Saeima,10,,,http://titania.saeima.lv/personal/deputati/saeima12_depweb_public.nsf/0/ca214f92e9e51615c2257d7b0032d869/Foto/0.84?OpenElement&FieldElemFormat=jpg,male,Q4267253,Q992046,
887fa76b-93b1-43d3-a2fc-36b862470457,Andis Caunitis,Andis Caunitis,,,,Unity,unity,,,Saeima,10,2010-11-04,,http://titania.saeima.lv/personal/deputati/saeima10_depweb_public.nsf/0/a8f73f20ccaae164c22577bc0021ba0f/Foto/0.84?OpenElement&FieldElemFormat=jpg,male,Q2007779,Q992046,
702b5a2d-f0b5-411a-a98d-ace34f156d4c,Andrejs Klementjevs,Andrejs Klementjevs,Andrejs.Klementjevs@saeima.lv,,,Concord Centre,concord_centre,,,Saeima,10,,,http://titania.saeima.lv/personal/deputati/saeima12_depweb_public.nsf/0/0f66cc797d04bf5dc2257d7b0032d7f5/Foto/0.84?OpenElement&FieldElemFormat=jpg,male,Q2340101,,
b0a6660c-5f34-4adb-808b-b187bafaeb56,Andris Berzins (Riga),Andris Berzins (Riga),,,,For a Good Latvia,for_a_good_latvia,,,Saeima,10,2011-04-14,,http://titania.saeima.lv/personal/deputati/saeima10_depweb_public.nsf/0/d1c522055126c8ccc22577bc0021b9cd/Foto/0.84?OpenElement&FieldElemFormat=jpg,male,,Q2577092,
20594057-32b1-4869-a811-986a58dee5ae,Andris Berzins (Vidzeme),Andris Berzins (Vidzeme),,,,Union of Greens and Farmers,union_of_greens_and_farmers,,,Saeima,10,,2011-07-01,http://titania.saeima.lv/personal/deputati/saeima10_depweb_public.nsf/0/971c12a944112d96c22577bc0021b92d/Foto/0.84?OpenElement&FieldElemFormat=jpg,male,,Q167928,
99991e53-3255-41c0-963b-87f0f193a386,Andris Berzins (Zemgale),Andris Berzins (Zemgale),,,,Union of Greens and Farmers,union_of_greens_and_farmers,,,Saeima,10,,,http://titania.saeima.lv/personal/deputati/saeima10_depweb_public.nsf/0/d491c7b4e249c35bc22577bc0021ba3d/Foto/0.84?OpenElement&FieldElemFormat=jpg,male,,Q167928,
b2b992cd-1723-4cd6-9279-36ed29ab7aa9,Andris Buiķis,Andris Buiķis,Andris.Buikis@saeima.lv,,,Unity,unity,,,Saeima,10,,,http://titania.saeima.lv/personal/deputati/saeima12_depweb_public.nsf/0/906bcd79ce5540afc2257d7b0032da0e/Foto/0.84?OpenElement&FieldElemFormat=jpg,male,Q15813302,Q992046,
b8d6b6eb-b426-4e10-8b40-904fe55fef05,Andris Skele,Andris Skele,,,,For a Good Latvia,for_a_good_latvia,,,Saeima,10,,,http://titania.saeima.lv/personal/deputati/saeima10_depweb_public.nsf/0/ed0819a158606ce9c22577bc0021b9cb/Foto/0.84?OpenElement&FieldElemFormat=jpg,male,Q511905,Q2577092,
c142d338-8092-4d2b-88b4-fe1d010a18ca,Ansis Salins,Ansis Salins,,,,Unity,unity,,,Saeima,10,2010-11-04,,http://titania.saeima.lv/personal/deputati/saeima10_depweb_public.nsf/0/5977ea145c9d842ec22577bc0021b94a/Foto/0.84?OpenElement&FieldElemFormat=jpg,male,Q9156086,Q992046,
e90ecc39-a7c4-416b-8b07-6c483e645753,Armands Krauze,Armands Krauze,Armands.Krauze@saeima.lv,,,Union of Greens and Farmers,union_of_greens_and_farmers,,,Saeima,10,,2010-11-04,http://titania.saeima.lv/personal/deputati/saeima12_depweb_public.nsf/0/07f220d580b4b6a8c2257d7b0032d900/Foto/0.84?OpenElement&FieldElemFormat=jpg,male,Q16351725,Q167928,
41fbff87-18da-4762-9621-451b3f32ae8a,Artūrs Rubiks,Artūrs Rubiks,Arturs.Rubiks@saeima.lv,,,Concord Centre,concord_centre,,,Saeima,10,,2010-11-03,http://titania.saeima.lv/personal/deputati/saeima12_depweb_public.nsf/0/3027cb184b490db0c2257d7b0032d7f9/Foto/0.84?OpenElement&FieldElemFormat=jpg,male,Q4801977,,
41fbff87-18da-4762-9621-451b3f32ae8a,Artūrs Rubiks,Artūrs Rubiks,Arturs.Rubiks@saeima.lv,,,Concord Centre,concord_centre,,,Saeima,10,2010-11-03,,http://titania.saeima.lv/personal/deputati/saeima12_depweb_public.nsf/0/3027cb184b490db0c2257d7b0032d7f9/Foto/0.84?OpenElement&FieldElemFormat=jpg,male,Q4801977,,
f4a84869-d572-44af-a33c-c2e955eaaa26,Arvils Aseradens,Arvils Aseradens,,aseradens,,Unity,unity,,,Saeima,10,,,http://titania.saeima.lv/personal/deputati/saeima11_depweb_public.nsf/0/8489a9407d047221c22579100046c546/Foto/0.84?OpenElement&FieldElemFormat=jpg,male,Q12667125,Q992046,
31557dcf-ca85-4029-94c7-6a5b29936c71,Atis Lejiņš,Atis Lejiņš,Atis.Lejins@saeima.lv,AtisLejins,,Unity,unity,,,Saeima,10,,,http://titania.saeima.lv/personal/deputati/saeima12_depweb_public.nsf/0/00afcd693bfadcb8c2257d7b0032d8bd/Foto/0.84?OpenElement&FieldElemFormat=jpg,male,Q9161649,Q992046,
7e308941-1724-4711-967a-8c1ba9a14067,Augusts Brigmanis,Augusts Brigmanis,Augusts.Brigmanis@saeima.lv,,,Union of Greens and Farmers,union_of_greens_and_farmers,,,Saeima,10,,2010-11-03,http://titania.saeima.lv/personal/deputati/saeima12_depweb_public.nsf/0/57aa0fd8de0e2118c2257d7b0032d92c/Foto/0.84?OpenElement&FieldElemFormat=jpg,male,Q5586437,Q167928,
7e308941-1724-4711-967a-8c1ba9a14067,Augusts Brigmanis,Augusts Brigmanis,Augusts.Brigmanis@saeima.lv,,,Union of Greens and Farmers,union_of_greens_and_farmers,,,Saeima,10,2010-11-03,,http://titania.saeima.lv/personal/deputati/saeima12_depweb_public.nsf/0/57aa0fd8de0e2118c2257d7b0032d92c/Foto/0.84?OpenElement&FieldElemFormat=jpg,male,Q5586437,Q167928,
72022856-a09a-4cbc-99b9-ce5f0a3a4e29,Boriss Cilevičs,Boriss Cilevičs,Boriss.Cilevics@saeima.lv,,,Concord Centre,concord_centre,,,Saeima,10,,,http://titania.saeima.lv/personal/deputati/saeima12_depweb_public.nsf/0/e85e2e1f9a77560dc2257d7b0032d7f7/Foto/0.84?OpenElement&FieldElemFormat=jpg,male,Q893825,,
09a1641d-f866-4cc3-9020-3093522a5eee,Dace Reinika,Dace Reinika,,,,Union of Greens and Farmers,union_of_greens_and_farmers,,,Saeima,10,,,http://titania.saeima.lv/personal/deputati/saeima10_depweb_public.nsf/0/e1dc9254239a2c45c22577bc0021bacd/Foto/0.84?OpenElement&FieldElemFormat=jpg,female,Q10859008,Q167928,
eaab5bb6-511f-4be5-b76a-7bc10f3182ba,Dana Reizniece-Ozola,Dana Reizniece-Ozola,,,,Union of Greens and Farmers,union_of_greens_and_farmers,,,Saeima,10,,,http://titania.saeima.lv/personal/deputati/saeima12_depweb_public.nsf/0/e0f69b82408003aec2257d7b0032d93d/Foto/0.84?OpenElement&FieldElemFormat=jpg,female,Q4392612,Q167928,
90569582-12be-40bb-b32c-b1fd330d237f,Didzis Zemmers,Didzis Zemmers,,,,Union of Greens and Farmers,union_of_greens_and_farmers,,,Saeima,10,2010-11-04,,http://titania.saeima.lv/personal/deputati/saeima10_depweb_public.nsf/0/0d1f3522c80db9bcc22577bc0021ba53/Foto/0.84?OpenElement&FieldElemFormat=jpg,male,,Q167928,
b8204728-55a0-46f3-9820-6cbd3db2ecb9,Dmitrijs Rodionovs,Dmitrijs Rodionovs,,,,Concord Centre,concord_centre,,,Saeima,10,,,http://titania.saeima.lv/personal/deputati/saeima11_depweb_public.nsf/0/7787817416beed15c22579100046c4a8/Foto/0.84?OpenElement&FieldElemFormat=jpg,male,Q9207995,,
1d34f0d0-3b0d-4b88-b8f0-1d45ae900e62,Dzintars Abikis,Dzintars Abikis,,,,Unity,unity,,,Saeima,10,,,http://titania.saeima.lv/personal/deputati/saeima11_depweb_public.nsf/0/f5c2ef60eeaa1939c22579100046c520/Foto/0.84?OpenElement&FieldElemFormat=jpg,male,Q2671946,Q992046,
f9aab5e8-603a-4565-9667-db4079dcd152,Dzintars Rasnacs,Dzintars Rasnacs,,,,All for Latvia and For Fatherland and Freedom/LNNK,lnnk,,,Saeima,10,,,http://titania.saeima.lv/personal/deputati/saeima12_depweb_public.nsf/0/c89f936accfebd25c2257d7b0032d9b7/Foto/0.84?OpenElement&FieldElemFormat=jpg,male,Q5319933,Q1576026,
714afc1b-5393-4948-8b52-bcbeebcb7c67,Dzintars Zaķis,Dzintars Zaķis,Dzintars.Zakis@saeima.lv,,,Unity,unity,,,Saeima,10,,2010-11-03,http://titania.saeima.lv/personal/deputati/saeima12_depweb_public.nsf/0/ca39beeed5c2cfd7c2257d7b0032d8a9/Foto/0.84?OpenElement&FieldElemFormat=jpg,male,Q9248925,Q992046,
714afc1b-5393-4948-8b52-bcbeebcb7c67,Dzintars Zaķis,Dzintars Zaķis,Dzintars.Zakis@saeima.lv,,,Unity,unity,,,Saeima,10,2010-11-03,,http://titania.saeima.lv/personal/deputati/saeima12_depweb_public.nsf/0/ca39beeed5c2cfd7c2257d7b0032d8a9/Foto/0.84?OpenElement&FieldElemFormat=jpg,male,Q9248925,Q992046,
0cf7ef0e-c4b7-4069-b55f-0c6ee91b06c9,Dzintra Hirsa,Dzintra Hirsa,,,,Unity,unity,,,Saeima,10,,,http://titania.saeima.lv/personal/deputati/saeima10_depweb_public.nsf/0/2b24c19bafac1e52c22577bc0021b8c3/Foto/0.84?OpenElement&FieldElemFormat=jpg,female,,Q992046,
d7a48093-02d3-46e9-b8ca-bef6172d4cf8,Edgars Zalans,Edgars Zalans,,,,For a Good Latvia,for_a_good_latvia,,,Saeima,10,,,http://titania.saeima.lv/personal/deputati/saeima10_depweb_public.nsf/0/989e9d942087f3a4c22577bc0021b9b4/Foto/0.84?OpenElement&FieldElemFormat=jpg,male,Q5337607,Q2577092,
1f637957-49f1-4548-b57d-2cfaefcbbc18,Edvards Smiltēns,Edvards Smiltēns,Edvards.Smiltens@saeima.lv,edvardssmiltens,,Unity,unity,,,Saeima,10,,2010-11-03,http://titania.saeima.lv/personal/deputati/saeima12_depweb_public.nsf/0/ac22c665258a18e8c2257d7b0032d892/Foto/0.84?OpenElement&FieldElemFormat=jpg,male,Q9250728,Q992046,
1f637957-49f1-4548-b57d-2cfaefcbbc18,Edvards Smiltēns,Edvards Smiltēns,Edvards.Smiltens@saeima.lv,edvardssmiltens,,Unity,unity,,,Saeima,10,2010-11-03,,http://titania.saeima.lv/personal/deputati/saeima12_depweb_public.nsf/0/ac22c665258a18e8c2257d7b0032d892/Foto/0.84?OpenElement&FieldElemFormat=jpg,male,Q9250728,Q992046,
46c3c9c6-fbb1-4a62-9d0f-14cd9d651160,Einārs Cilinskis,Einārs Cilinskis,Einars.Cilinskis@saeima.lv,,,All for Latvia and For Fatherland and Freedom/LNNK,lnnk,,,Saeima,10,,,http://titania.saeima.lv/personal/deputati/saeima12_depweb_public.nsf/0/24053f6d9fb3426bc2257d7b0032d9b8/Foto/0.84?OpenElement&FieldElemFormat=jpg,male,Q9251793,Q1576026,
4aa774b6-a3f3-4353-9502-4ea222646108,Gaidis Bērziņš,Gaidis Bērziņš,Gaidis.Berzins@saeima.lv,,,All for Latvia and For Fatherland and Freedom/LNNK,lnnk,,,Saeima,10,,,http://titania.saeima.lv/personal/deputati/saeima12_depweb_public.nsf/0/4d842de548e4b7f3c2257d7b0032da18/Foto/0.84?OpenElement&FieldElemFormat=jpg,male,Q1491211,Q1576026,
d7afbc61-2627-429f-98eb-f9aa6d24514d,Gundars Daudze,Gundars Daudze,Gundars.Daudze@saeima.lv,,,Union of Greens and Farmers,union_of_greens_and_farmers,,,Saeima,10,,2011-08-04,http://titania.saeima.lv/personal/deputati/saeima12_depweb_public.nsf/0/d461d8bb5e7f892fc2257d7b0032d93f/Foto/0.84?OpenElement&FieldElemFormat=jpg,male,Q2577102,Q167928,
a78b78be-2f80-4ed6-94bc-f938b88e83b1,Guntars Galvanovskis,Guntars Galvanovskis,,,,Unity,unity,,,Saeima,10,,2011-07-21,http://titania.saeima.lv/personal/deputati/saeima10_depweb_public.nsf/0/0a9fb7ca8a9d3320c22577bc0021b94c/Foto/0.84?OpenElement&FieldElemFormat=jpg,male,Q9282714,Q992046,
f18399cd-a823-40b0-b3ec-2061608acec4,Guntis Rozitis,Guntis Rozitis,,,,Union of Greens and Farmers,union_of_greens_and_farmers,,,Saeima,10,2010-11-04,,http://titania.saeima.lv/personal/deputati/saeima10_depweb_public.nsf/0/2c20525ee355ae53c22577bc0021ba5c/Foto/0.84?OpenElement&FieldElemFormat=jpg,male,Q9282724,Q167928,
651c82ad-8de5-4c23-a3b3-258bf3721933,Guntis Ulmanis,Guntis Ulmanis,,,,For a Good Latvia,for_a_good_latvia,,,Saeima,10,,,http://titania.saeima.lv/personal/deputati/saeima10_depweb_public.nsf/0/43c15dbadebdc5f0c22577bc0021b9f5/Foto/0.84?OpenElement&FieldElemFormat=jpg,male,Q60106,Q2577092,
bd470f55-d9da-41a6-be60-fa06a1faf6c8,Igors Melnikovs,Igors Melnikovs,,IMelnikovs,,Concord Centre,concord_centre,,,Saeima,10,,,http://titania.saeima.lv/personal/deputati/saeima11_depweb_public.nsf/0/f39b08791eb0d896c22579100046c492/Foto/0.84?OpenElement&FieldElemFormat=jpg,male,Q11711456,,
6e8e2248-80d8-4388-884b-72be6c85ddaa,Igors Pimenovs,Igors Pimenovs,Igors.Pimenovs@saeima.lv,,,Concord Centre,concord_centre,,,Saeima,10,,,http://titania.saeima.lv/personal/deputati/saeima12_depweb_public.nsf/0/336908f2a605f391c2257d7b0032d803/Foto/0.84?OpenElement&FieldElemFormat=jpg,male,Q11711469,,
1b6d6481-6aaa-4cc6-81e9-a2c5b8ea5763,Igors Zujevs,Igors Zujevs,Igors.Zujevs@saeima.lv,,,Concord Centre,concord_centre,,,Saeima,10,,,http://titania.saeima.lv/personal/deputati/saeima12_depweb_public.nsf/0/8a278946bb512782c2257d7b0032d806/Foto/0.84?OpenElement&FieldElemFormat=jpg,male,Q11043293,,
ff60467e-ea19-4614-bfa8-e2747d9e6ad3,Ilma Cepane,Ilma Cepane,,,,Unity,unity,,,Saeima,10,,,http://titania.saeima.lv/personal/deputati/saeima11_depweb_public.nsf/0/f891f3f335b9c7d8c22579100046c4eb/Foto/0.84?OpenElement&FieldElemFormat=jpg,female,Q4511827,Q992046,
651266b6-2d28-481d-b587-20d3b009ad50,Ilze Vergina,Ilze Vergina,,,,Unity,unity,,,Saeima,10,2010-11-04,,http://titania.saeima.lv/personal/deputati/saeima10_depweb_public.nsf/0/185f26cb957c0274c22577bc0021bab7/Foto/0.84?OpenElement&FieldElemFormat=jpg,female,Q18123081,Q992046,
32c9ad02-dee1-49ae-9db6-fd8981d240a5,Ilze Viņķele,Ilze Viņķele,,,,Unity,unity,,,Saeima,10,,2010-11-03,http://titania.saeima.lv/personal/deputati/saeima12_depweb_public.nsf/0/b2b1be6c4cd78613c2257d7b0032d86d/Foto/0.84?OpenElement&FieldElemFormat=jpg,female,Q2607120,Q992046,
32c9ad02-dee1-49ae-9db6-fd8981d240a5,Ilze Viņķele,Ilze Viņķele,,,,Unity,unity,,,Saeima,10,2010-11-03,,http://titania.saeima.lv/personal/deputati/saeima12_depweb_public.nsf/0/b2b1be6c4cd78613c2257d7b0032d86d/Foto/0.84?OpenElement&FieldElemFormat=jpg,female,Q2607120,Q992046,
bb4a38ab-ec42-4ac1-af38-65633dfa6074,Imants Janis Bekess,Imants Janis Bekess,,,,For a Good Latvia,for_a_good_latvia,,,Saeima,10,,,http://titania.saeima.lv/personal/deputati/saeima10_depweb_public.nsf/0/76a503514f8b7f37c22577bc0021b9b6/Foto/0.84?OpenElement&FieldElemFormat=jpg,male,Q11711794,Q2577092,
0be9dfa7-abbc-45d0-a519-73b7a7d6f24d,Imants Parādnieks,Imants Parādnieks,Imants.Paradnieks@saeima.lv,Paradnieks,,All for Latvia and For Fatherland and Freedom/LNNK,lnnk,,,Saeima,10,,,http://titania.saeima.lv/personal/deputati/saeima12_depweb_public.nsf/0/e08b38664fa60accc2257d7b0032da08/Foto/0.84?OpenElement&FieldElemFormat=jpg,male,Q11711795,Q1576026,
10d66427-b20c-42c5-8dd2-9dd2b800d840,Imants Viesturs Liegis,Imants Viesturs Liegis,,,,Unity,unity,,,Saeima,10,,,http://titania.saeima.lv/personal/deputati/saeima10_depweb_public.nsf/0/d20f738d87e35ed6c22577bc0021ba00/Foto/0.84?OpenElement&FieldElemFormat=jpg,male,Q3036890,Q992046,
2a21aca4-3ac4-49da-b015-b37961183dbd,Ina Druviete,Ina Druviete,,,,Unity,unity,,,Saeima,10,,,http://titania.saeima.lv/personal/deputati/saeima10_depweb_public.nsf/0/3ef48e1b9c3fee03c22577bc0021bab4/Foto/0.84?OpenElement&FieldElemFormat=jpg,female,Q6013198,Q992046,
45a26828-fb42-4f10-87c3-dbdee11af403,Inese Aizstrauta,Inese Aizstrauta,Inese.Aizstrauta@saeima.lv,,,Union of Greens and Farmers,union_of_greens_and_farmers,,,Saeima,10,2011-07-01,,http://titania.saeima.lv/personal/deputati/saeima12_depweb_public.nsf/0/157f4baaba934552c2257d7b0032d901/Foto/0.84?OpenElement&FieldElemFormat=jpg,female,Q11712388,Q167928,
42b73f7c-2d3d-46ff-8853-60d3645d73d2,Inese Laizāne,Inese Laizāne,Inese.Laizane@saeima.lv,,,All for Latvia and For Fatherland and Freedom/LNNK,lnnk,,,Saeima,10,,,http://titania.saeima.lv/personal/deputati/saeima12_depweb_public.nsf/0/ad5f3b6db7b7d403c2257d7b0032d9f6/Foto/0.84?OpenElement&FieldElemFormat=jpg,female,Q11037711,Q1576026,
484f3d56-bd42-403e-a047-598915990047,Ingmars Caklais,Ingmars Caklais,,ingmarscaklais,,Unity,unity,,,Saeima,10,,,http://titania.saeima.lv/personal/deputati/saeima11_depweb_public.nsf/0/04accbea603e2b83c22579100046c4ef/Foto/0.84?OpenElement&FieldElemFormat=jpg,male,Q11712510,Q992046,
002e7b02-77f2-425f-b9f6-df033848a67e,Ingmārs Līdaka,Ingmārs Līdaka,,,,Union of Greens and Farmers,union_of_greens_and_farmers,,,Saeima,10,,2010-11-03,http://titania.saeima.lv/personal/deputati/saeima12_depweb_public.nsf/0/512766acade756c8c2257d7b0032d8fe/Foto/0.84?OpenElement&FieldElemFormat=jpg,male,Q11712509,Q167928,
002e7b02-77f2-425f-b9f6-df033848a67e,Ingmārs Līdaka,Ingmārs Līdaka,,,,Union of Greens and Farmers,union_of_greens_and_farmers,,,Saeima,10,2010-11-03,,http://titania.saeima.lv/personal/deputati/saeima12_depweb_public.nsf/0/512766acade756c8c2257d7b0032d8fe/Foto/0.84?OpenElement&FieldElemFormat=jpg,male,Q11712509,Q167928,
a2034eef-dd9e-41d9-9c91-d11a821060ca,Ingrida Circene,Ingrida Circene,,,,Unity,unity,,,Saeima,10,,,http://titania.saeima.lv/personal/deputati/saeima10_depweb_public.nsf/0/3929db1467887b5dc22577bc0021bab6/Foto/0.84?OpenElement&FieldElemFormat=jpg,female,Q2983484,Q992046,
ecde6be1-0ff3-47d5-ab3c-b286376dad5b,Inguna Rībena,Inguna Rībena,Inguna.Ribena@saeima.lv,i_ribena,,Unity,unity,,,Saeima,10,,,http://titania.saeima.lv/personal/deputati/saeima12_depweb_public.nsf/0/0ac4f923c652d2adc2257d7b0032d9ba/Foto/0.84?OpenElement&FieldElemFormat=jpg,female,Q11119664,Q992046,
11d96ee4-4b3f-4b3d-925e-53659ea4d091,Ints Dālderis,Ints Dālderis,Ints.Dalderis@saeima.lv,idalderis,,Unity,unity,,,Saeima,10,,,http://titania.saeima.lv/personal/deputati/saeima12_depweb_public.nsf/0/5295a6d05528c9c8c2257d7b0032d8cb/Foto/0.84?OpenElement&FieldElemFormat=jpg,male,Q549030,Q992046,
c608af1a-96d9-4dbc-a2f3-3eaefa556428,Ivans Klementjevs,Ivans Klementjevs,Ivans.Klementjevs@saeima.lv,,,Concord Centre,concord_centre,,,Saeima,10,,,http://titania.saeima.lv/personal/deputati/saeima12_depweb_public.nsf/0/e82d1323af7b6a79c2257d7b0032d7ff/Foto/0.84?OpenElement&FieldElemFormat=jpg,male,Q2451422,,
27ce3765-48a3-4e4f-8363-8fc0f5339526,Ivans Ribakovs,Ivans Ribakovs,Ivans.Ribakovs@saeima.lv,IRibakovs,,Concord Centre,concord_centre,,,Saeima,10,,,http://titania.saeima.lv/personal/deputati/saeima12_depweb_public.nsf/0/d42ae59c19f62f38c2257d7b0032d836/Foto/0.84?OpenElement&FieldElemFormat=jpg,male,Q6098308,,
68ed1161-fe44-4d11-b972-bbe70a4960f6,Iveta Grigule,Iveta Grigule,,ivetagrigule,iveta.grigule,Union of Greens and Farmers,union_of_greens_and_farmers,,,Saeima,10,,,http://titania.saeima.lv/personal/deputati/saeima11_depweb_public.nsf/0/6bb2f54c13b6b774c22579100046c56c/Foto/0.84?OpenElement&FieldElemFormat=jpg,female,Q11714349,Q167928,
86a79ff3-0565-4724-87fd-fa243a4a3488,Janis Reirs,Janis Reirs,,,,Unity,unity,,,Saeima,10,2010-11-04,,http://titania.saeima.lv/personal/deputati/saeima12_depweb_public.nsf/0/6ddaa73a49edad2bc2257d7b0032d8b9/Foto/0.84?OpenElement&FieldElemFormat=jpg,male,Q11731915,Q992046,
7cd63c66-c5bc-4373-8073-685f588d57c1,Janis Strazdins,Janis Strazdins,,,,Union of Greens and Farmers,union_of_greens_and_farmers,,,Saeima,10,,,http://titania.saeima.lv/personal/deputati/saeima11_depweb_public.nsf/0/289a7350c473ea37c22579100046c56e/Foto/0.84?OpenElement&FieldElemFormat=jpg,male,Q11731917,Q167928,
3e7f9d4a-4d05-42d9-aaeb-81b192a6eccf,Janīna Kursīte-Pakule,Janīna Kursīte-Pakule,Janina.Kursite@saeima.lv,,,Unity,unity,,,Saeima,10,,,http://titania.saeima.lv/personal/deputati/saeima12_depweb_public.nsf/0/04cfba7c2217f6d3c2257d7b0032da1e/Foto/0.84?OpenElement&FieldElemFormat=jpg,female,Q3743265,Q992046,
0742875d-c0d2-4f85-9b73-8f011978a485,Juris Silovs,Juris Silovs,,,,Concord Centre,concord_centre,,,Saeima,10,,2011-04-28,http://titania.saeima.lv/personal/deputati/saeima10_depweb_public.nsf/0/d142d7e871efc501c22577bc0021b9aa/Foto/0.84?OpenElement&FieldElemFormat=jpg,male,Q11729592,,
ad45bbcf-4f90-4875-9f7d-7248e780be1d,Juris Žūriņš,Juris Žūriņš,,,,Unity,unity,,,Saeima,10,2011-07-21,,http://titania.saeima.lv/personal/deputati/saeima10_depweb_public.nsf/0/7c779871885571bec22577bc0021ba25/Foto/0.84?OpenElement&FieldElemFormat=jpg,male,,Q992046,
2ff634e9-1137-4a02-933e-1e9a0307dbef,Jānis Dombrava,Jānis Dombrava,Janis.Dombrava@saeima.lv,janisdombrava,,All for Latvia and For Fatherland and Freedom/LNNK,lnnk,,,Saeima,10,,,http://titania.saeima.lv/personal/deputati/saeima12_depweb_public.nsf/0/a7475fe93c949b10c2257d7b0032d9da/Foto/0.84?OpenElement&FieldElemFormat=jpg,male,Q11016682,Q1576026,
d36b8bb1-e0a7-47bd-87ee-066956f9d6f7,Jānis Klaužs,Jānis Klaužs,Janis.Klauzs@saeima.lv,,,Union of Greens and Farmers,union_of_greens_and_farmers,,,Saeima,10,,,http://titania.saeima.lv/personal/deputati/saeima12_depweb_public.nsf/0/50346b44759174a5c2257d7b0032d91c/Foto/0.84?OpenElement&FieldElemFormat=jpg,male,Q6112032,Q167928,
e8bec263-2a6d-42a0-9380-345dba897a39,Jānis Tutins,Jānis Tutins,Janis.Tutins@saeima.lv,,,Concord Centre,concord_centre,,,Saeima,10,,,http://titania.saeima.lv/personal/deputati/saeima12_depweb_public.nsf/0/330ff9a3c41224c0c2257d7b0032d835/Foto/0.84?OpenElement&FieldElemFormat=jpg,male,Q4466616,,
d4e51294-d225-4283-8887-9027ca910913,Jānis Urbanovičs,Jānis Urbanovičs,Janis.Urbanovics@saeima.lv,,,Concord Centre,concord_centre,,,Saeima,10,,2010-11-03,http://titania.saeima.lv/personal/deputati/saeima12_depweb_public.nsf/0/12b6d57f344c49b7c2257d7b0032d7f4/Foto/0.84?OpenElement&FieldElemFormat=jpg,male,Q164247,,
d4e51294-d225-4283-8887-9027ca910913,Jānis Urbanovičs,Jānis Urbanovičs,Janis.Urbanovics@saeima.lv,,,Concord Centre,concord_centre,,,Saeima,10,2010-11-03,,http://titania.saeima.lv/personal/deputati/saeima12_depweb_public.nsf/0/12b6d57f344c49b7c2257d7b0032d7f4/Foto/0.84?OpenElement&FieldElemFormat=jpg,male,Q164247,,
71b83af9-2d68-4bf8-b54c-33b3928f3b64,Jānis Vucāns,Jānis Vucāns,Janis.Vucans@saeima.lv,,,Union of Greens and Farmers,union_of_greens_and_farmers,,,Saeima,10,,,http://titania.saeima.lv/personal/deputati/saeima12_depweb_public.nsf/0/c1a80081649d2240c2257d7b0032d943/Foto/0.84?OpenElement&FieldElemFormat=jpg,male,Q6111957,Q167928,
2b3b3f66-747d-472c-9fe8-43aa91f639f3,Jānis Ādamsons,Jānis Ādamsons,Janis.Adamsons@saeima.lv,,,Concord Centre,concord_centre,,,Saeima,10,2010-11-04,,http://titania.saeima.lv/personal/deputati/saeima12_depweb_public.nsf/0/826628a257e80f2dc2257d7b0032d81a/Foto/0.84?OpenElement&FieldElemFormat=jpg,male,Q1976817,,
570d0804-e268-424f-87b6-fe3e646710a9,Klavs Olsteins,Klavs Olsteins,,,,Unity,unity,,,Saeima,10,2010-11-03,2011-07-01,http://titania.saeima.lv/personal/deputati/saeima11_depweb_public.nsf/0/eb35a43241c343c5c22579100046c6a6/Foto/0.84?OpenElement&FieldElemFormat=jpg,male,Q11048053,Q992046,
cac2e2d3-b3c1-4f66-ba97-41028f031e01,Kārlis Seržants,Kārlis Seržants,Karlis.Serzants@saeima.lv,,,Union of Greens and Farmers,union_of_greens_and_farmers,,,Saeima,10,,,http://titania.saeima.lv/personal/deputati/saeima12_depweb_public.nsf/0/036fcbe277d5fa94c2257d7b0032d8db/Foto/0.84?OpenElement&FieldElemFormat=jpg,male,Q11751893,Q167928,
231d4d25-53b1-4481-94ed-6650f9abe7d0,Kārlis Šadurskis,Kārlis Šadurskis,,,,Unity,unity,,,Saeima,10,,,http://titania.saeima.lv/personal/deputati/saeima12_depweb_public.nsf/0/560d085b7ff8054cc2257d7b0032d88e/Foto/0.84?OpenElement&FieldElemFormat=jpg,male,Q11213537,Q992046,
b391d06b-8f7c-4c17-8d8d-8c69158d8a51,Laimis Savejs,Laimis Savejs,,,,Union of Greens and Farmers,union_of_greens_and_farmers,,,Saeima,10,2010-11-04,,http://titania.saeima.lv/personal/deputati/saeima10_depweb_public.nsf/0/6b4c1dd04bc81edcc22577bc0021b928/Foto/0.84?OpenElement&FieldElemFormat=jpg,male,Q11752627,Q167928,
dffaca06-793a-4655-af2e-e21daa232bd5,Liene Liepina,Liene Liepina,,,,Unity,unity,,,Saeima,10,2010-11-04,,http://titania.saeima.lv/personal/deputati/saeima11_depweb_public.nsf/0/56448939fe69b2f0c22579100046c4e7/Foto/0.84?OpenElement&FieldElemFormat=jpg,female,Q11756598,Q992046,
79409765-f9f0-4eae-b6a3-e8fa0a19716a,Linda Murniece,Linda Murniece,,,,Unity,unity,,,Saeima,10,2010-11-04,2010-11-17,http://titania.saeima.lv/personal/deputati/saeima10_depweb_public.nsf/0/9e50e4ea16516a64c22577bc0021bac2/Foto/0.84?OpenElement&FieldElemFormat=jpg,female,Q2560770,Q992046,
cf4bd15a-ca38-4996-8cbd-2623c4e858b2,Lolita Čigāne,Lolita Čigāne,Lolita.Cigane@saeima.lv,lolita_cigane,,Unity,unity,,,Saeima,10,,,http://titania.saeima.lv/personal/deputati/saeima12_depweb_public.nsf/0/ddde9d3c4cb2d409c2257d7b0032d86a/Foto/0.84?OpenElement&FieldElemFormat=jpg,female,Q751020,Q992046,
0a41ba65-d912-4c48-aded-cdb10d4765d4,Madars Lasmanis,Madars Lasmanis,,,,Unity,unity,,,Saeima,10,2011-07-01,,http://titania.saeima.lv/personal/deputati/saeima10_depweb_public.nsf/0/2b968221de1a7387c22577bc0021ba0c/Foto/0.84?OpenElement&FieldElemFormat=jpg,male,Q3461690,Q992046,
8f32d0c2-a062-4bef-be94-4eae7c6ef37a,Maris Dzelzskalns,Maris Dzelzskalns,,,,Union of Greens and Farmers,union_of_greens_and_farmers,,,Saeima,10,2010-11-04,,http://titania.saeima.lv/personal/deputati/saeima10_depweb_public.nsf/0/dba66c373b0d34f1c22577bc0021ba28/Foto/0.84?OpenElement&FieldElemFormat=jpg,male,Q16363836,Q167928,
5a55ec53-17b3-40f0-97ee-cba86ad0b0a3,Mihails Zemļinskis,Mihails Zemļinskis,Mihails.Zemlinskis@saeima.lv,,,Concord Centre,concord_centre,,,Saeima,10,,,http://titania.saeima.lv/personal/deputati/saeima12_depweb_public.nsf/0/533304a24608ef73c2257d7b0032d804/Foto/0.84?OpenElement&FieldElemFormat=jpg,male,Q1932838,,
bbc9f68a-bcb7-49c3-91b1-a2947e67fd47,Māris Kučinskis,Māris Kučinskis,,MarisKucinskis,,For a Good Latvia,for_a_good_latvia,,,Saeima,10,,,http://titania.saeima.lv/personal/deputati/saeima12_depweb_public.nsf/0/fcc1b9901ad67323c2257d7b0032d8dc/Foto/0.84?OpenElement&FieldElemFormat=jpg,male,Q6112509,Q2577092,
69170829-32c4-4dea-95cc-9ed4fe3c7456,Nikolajs Kabanovs,Nikolajs Kabanovs,,,,Concord Centre,concord_centre,,,Saeima,10,,,http://titania.saeima.lv/personal/deputati/saeima11_depweb_public.nsf/0/26ff89f45fc5cacfc22579100046c475/Foto/0.84?OpenElement&FieldElemFormat=jpg,male,Q4206574,,
abf11123-1557-4014-b759-fb29096b2844,Ojārs Ēriks Kalniņš,Ojārs Ēriks Kalniņš,Ojars.Kalnins@saeima.lv,,,Unity,unity,,,Saeima,10,,,http://titania.saeima.lv/personal/deputati/saeima12_depweb_public.nsf/0/5ee6e6f8516f0b1ec2257d7b0032d868/Foto/0.84?OpenElement&FieldElemFormat=jpg,male,Q4210266,Q992046,
e705377a-961e-488b-b963-e54d168aaea0,Oskars Zids,Oskars Zids,,,,Union of Greens and Farmers,union_of_greens_and_farmers,,,Saeima,10,,,http://titania.saeima.lv/personal/deputati/saeima10_depweb_public.nsf/0/6ce5be0c2b1842fac22577bc0021ba60/Foto/0.84?OpenElement&FieldElemFormat=jpg,male,Q11800474,Q167928,
3d87f9b8-142d-459b-8896-febe9a7294f6,Raimonds Rubiks,Raimonds Rubiks,Raimonds.Rubiks@saeima.lv,,,Concord Centre,concord_centre,,,Saeima,10,,,http://titania.saeima.lv/personal/deputati/saeima12_depweb_public.nsf/0/78d7c70024b49c63c2257d7b0032d838/Foto/0.84?OpenElement&FieldElemFormat=jpg,male,Q9303235,,
6039b8f0-81ac-4d49-be8b-48d0a9b41fe1,Raivis Dzintars,Raivis Dzintars,Raivis.Dzintars@saeima.lv,raivisdzintars,,All for Latvia and For Fatherland and Freedom/LNNK,lnnk,,,Saeima,10,,,http://titania.saeima.lv/personal/deputati/saeima12_depweb_public.nsf/0/8baf51cd9309b373c2257d7b0032d9d9/Foto/0.84?OpenElement&FieldElemFormat=jpg,male,Q177465,Q1576026,
b9f569de-ab3c-49ef-8d25-6139763961ca,Rasma Karklina,Rasma Karklina,,,,Unity,unity,,,Saeima,10,,,http://titania.saeima.lv/personal/deputati/saeima11_depweb_public.nsf/0/4bf56187ca14a635c22579100046c542/Foto/0.84?OpenElement&FieldElemFormat=jpg,female,Q9304189,Q992046,
8d3e72d0-901b-40f9-bc38-6378646b1163,Rihards Eigims,Rihards Eigims,,,,Union of Greens and Farmers,union_of_greens_and_farmers,,,Saeima,10,,,http://titania.saeima.lv/personal/deputati/saeima12_depweb_public.nsf/0/780efaee6db47bebc2257d7b0032d91b/Foto/0.84?OpenElement&FieldElemFormat=jpg,male,Q4529992,Q167928,
f158f7e0-b77a-47b9-82f6-06ba2ad8226f,Rita Strode,Rita Strode,,,,For a Good Latvia,for_a_good_latvia,,,Saeima,10,,,http://titania.saeima.lv/personal/deputati/saeima10_depweb_public.nsf/0/02a081c6082faa65c22577bc0021b8f8/Foto/0.84?OpenElement&FieldElemFormat=jpg,female,Q4444085,Q2577092,
193b73dc-5602-4853-97f5-77eede033f5a,Sergejs Dolgopolovs,Sergejs Dolgopolovs,Sergejs.Dolgopolovs@saeima.lv,,,Concord Centre,concord_centre,,,Saeima,10,,,http://titania.saeima.lv/personal/deputati/saeima12_depweb_public.nsf/0/d94c8e4b2cec03ddc2257d7b0032d818/Foto/0.84?OpenElement&FieldElemFormat=jpg,male,Q2340280,,
557eb5e0-c5b9-44b6-b781-40e77b558f19,Sergejs Fjodorovs,Sergejs Fjodorovs,,,,Concord Centre,concord_centre,,,Saeima,10,,,http://titania.saeima.lv/personal/deputati/saeima10_depweb_public.nsf/0/565a1126d549e91cc22577bc0021b8d6/Foto/0.84?OpenElement&FieldElemFormat=jpg,male,Q7453926,,
a3319603-3e4f-4df9-81a6-7818dee95a07,Sergejs Mirskis,Sergejs Mirskis,Sergejs.Mirskis@saeima.lv,,,Concord Centre,concord_centre,,,Saeima,10,,,http://titania.saeima.lv/personal/deputati/saeima12_depweb_public.nsf/0/dfd3786e9ed7b6a0c2257d7b0032d7f8/Foto/0.84?OpenElement&FieldElemFormat=jpg,male,Q6112130,,
358618cd-f5fd-47cb-b403-eedc7ce7f341,Silva Bendrate,Silva Bendrate,,,,Unity,unity,,,Saeima,10,,,http://titania.saeima.lv/personal/deputati/saeima10_depweb_public.nsf/0/ae10fae4b375722dc22577bc0021b8c4/Foto/0.84?OpenElement&FieldElemFormat=jpg,female,Q16352370,Q992046,
de2c1c3c-0b13-4e8a-b738-35b0b1b0948d,Solvita Āboltiņa,Solvita Āboltiņa,,,,Unity,unity,,,Saeima,10,,,http://titania.saeima.lv/personal/deputati/saeima12_depweb_public.nsf/0/7c4ae909b1fec401c2257d7b0032d8ca/Foto/0.84?OpenElement&FieldElemFormat=jpg,female,Q435407,Q992046,
dfcd0e21-ec6d-45dd-b002-36425207d0e5,Stanislavs Skesters,Stanislavs Skesters,,,,Union of Greens and Farmers,union_of_greens_and_farmers,,,Saeima,10,,,http://titania.saeima.lv/personal/deputati/saeima10_depweb_public.nsf/0/d3bdef0fb8043ab7c22577bc0021ba33/Foto/0.84?OpenElement&FieldElemFormat=jpg,male,Q9344804,Q167928,
e51a8f30-ea74-4b4b-89c2-c1bae9bf63e2,Ugis Rotbergs,Ugis Rotbergs,,,,Unity,unity,,,Saeima,10,2010-11-17,,http://titania.saeima.lv/personal/deputati/saeima10_depweb_public.nsf/0/d0a1dea10b83f432c22577bc0021ba13/Foto/0.84?OpenElement&FieldElemFormat=jpg,male,Q9367669,Q992046,
db8415f5-4f4d-47e7-bdd3-e78a0b0850dc,Valentins Grigorjevs,Valentins Grigorjevs,,,,Concord Centre,concord_centre,,,Saeima,10,,,http://titania.saeima.lv/personal/deputati/saeima10_depweb_public.nsf/0/ee4505f6cc2e8c26c22577bc0021b9a9/Foto/0.84?OpenElement&FieldElemFormat=jpg,male,Q9370302,,
0821118d-17da-46e8-a257-e5e0d8251356,Valerijs Kravcovs,Valerijs Kravcovs,,,,Concord Centre,concord_centre,,,Saeima,10,,,http://titania.saeima.lv/personal/deputati/saeima10_depweb_public.nsf/0/3a56800fe7c45bd4c22577bc0021b993/Foto/0.84?OpenElement&FieldElemFormat=jpg,male,Q4237315,,
a85dbea6-5b3b-4160-819b-4aa93de29da6,Valērijs Agešins,Valērijs Agešins,,,,Concord Centre,concord_centre,,,Saeima,10,,2010-11-03,http://titania.saeima.lv/personal/deputati/saeima12_depweb_public.nsf/0/1e94f41f3fbbf53ec2257d7b0032d857/Foto/0.84?OpenElement&FieldElemFormat=jpg,male,Q3736505,,
a85dbea6-5b3b-4160-819b-4aa93de29da6,Valērijs Agešins,Valērijs Agešins,,,,Concord Centre,concord_centre,,,Saeima,10,2010-11-03,,http://titania.saeima.lv/personal/deputati/saeima12_depweb_public.nsf/0/1e94f41f3fbbf53ec2257d7b0032d857/Foto/0.84?OpenElement&FieldElemFormat=jpg,male,Q3736505,,
661dd55f-e688-440d-b5a0-5e3cb2c06634,Viktors Jakovlevs,Viktors Jakovlevs,,,,Concord Centre,concord_centre,,,Saeima,10,2011-04-28,,http://titania.saeima.lv/personal/deputati/saeima11_depweb_public.nsf/0/8bdc2c87e5d35441c22579100046c4d9/Foto/0.84?OpenElement&FieldElemFormat=jpg,male,Q9374035,,
844ed67d-2eb9-4f62-8651-7428b7856178,Visvaldis Lacis,Visvaldis Lacis,,,,All for Latvia and For Fatherland and Freedom/LNNK,lnnk,,,Saeima,10,,2011-03-08,http://titania.saeima.lv/personal/deputati/saeima10_depweb_public.nsf/0/1a17eb19514afe82c22577bc0021ba97/Foto/0.84?OpenElement&FieldElemFormat=jpg,male,Q4255404,Q1576026,
844ed67d-2eb9-4f62-8651-7428b7856178,Visvaldis Lacis,Visvaldis Lacis,,,,Unaffiliated members of parliament,unaffiliated_members_of_parliament,,,Saeima,10,2011-03-08,,http://titania.saeima.lv/personal/deputati/saeima10_depweb_public.nsf/0/1a17eb19514afe82c22577bc0021ba97/Foto/0.84?OpenElement&FieldElemFormat=jpg,male,Q4255404,Q327591,
3ec34a02-1097-4162-9f61-6026e169117b,Vitauts Stana,Vitauts Stana,,,,Union of Greens and Farmers,union_of_greens_and_farmers,,,Saeima,10,,,http://titania.saeima.lv/personal/deputati/saeima10_depweb_public.nsf/0/8dd6f35e1a2615a3c22577bc0021b92c/Foto/0.84?OpenElement&FieldElemFormat=jpg,male,Q9368948,Q167928,
443551df-02fc-4eee-be92-1c3e572ec748,Vitālijs Orlovs,Vitālijs Orlovs,Vitalijs.Orlovs@saeima.lv,,,Concord Centre,concord_centre,,,Saeima,10,,,http://titania.saeima.lv/personal/deputati/saeima12_depweb_public.nsf/0/3c3dde85ab52b94cc2257d7b0032d847/Foto/0.84?OpenElement&FieldElemFormat=jpg,male,Q6111985,,
05f145d6-e719-48b0-a664-77c1dec84dfe,Vladimirs Nikonovs,Vladimirs Nikonovs,Vladimirs.Nikonovs@saeima.lv,,,Concord Centre,concord_centre,,,Saeima,10,,,http://titania.saeima.lv/personal/deputati/saeima12_depweb_public.nsf/0/46b12b86654ce55bc2257d7b0032d83b/Foto/0.84?OpenElement&FieldElemFormat=jpg,male,Q9381626,,
1c759f4c-df8c-40d2-b666-84edf061d6f1,Ņikita Ņikiforovs,Ņikita Ņikiforovs,,,,Concord Centre,concord_centre,,,Saeima,10,,,http://titania.saeima.lv/personal/deputati/saeima12_depweb_public.nsf/0/c2b9f10c5797c181c2257d7b0032d800/Foto/0.84?OpenElement&FieldElemFormat=jpg,male,Q11792054,,
